41
41
41
41
41
41
41
41
41
41
41
63
64
71
72
72
72
72
72
72
72
72
72
72
72
72
72
72
72
72
71
70
70
68
41
41
41
41
41
41
41
41
41
41
41
0
0
0
0
0
0
0
0
0
0
0
0
0
0
0
0
0
0
0
0
0
0
0
0
0
0
0
0
0
0
0
0
0
0
0
0
0
0
0
0
41
41
41
41
41
41
41
41
41
41
44
44.5
45
45
45.5
46
47
47
47
47
46
42
42
42
42
41
41
41
41
41
41
0
0
0
0
0
0
0
0
0
0
0
0
0
0
0
0
0
0
0
0
0
0
0
0
0
0
45
47
50
51
44
42
41
40
40
40
47
48
49
49
49
49
49
41
41
41
41
44
44
44
44
44
44
44
33
33
0
0
0
0
0
0
0
0
0
0
0
41
41
41
41
41
41
41
41
41
41
41
41
41
41
41
41
41
