41
41
41
41
41
41
41
41
41
41
41
41
41
41
41
41
41
41
41
41
41
41
41
41
41
42
42
42
42
42
42
42
42
42
42
42
42.2
42.4
42.6
42.8
43
43.6667
44.3333
45
45.75
46.5
47.25
48
48.75
49.5
50.25
51
52
53
54
55
55.6
56.2
56.8
57.4
58
59
60
61
62
63
64
65
65.6667
66.3333
67
67.5
68
68.6667
69.3333
70
70.5
71
71.25
71.5
71.75
72
72.5
73
73
73
73
73
73
73
73
73
73
73
73
73
73
73
73
73
73
73
73
73
72.5
72
71.3333
70.6667
70
69
68
67
65
62
61
59
57.5
56
54
52
50
47
45
43
42
40
39
37
35
35
34.5
34
33.5
33
32.3333
31.6667
31
30.6667
30.3333
30
29.5
29
28.5
28
28
28
28
28
28
28
28
28
28
28
28
28
28
28
28
28
28
28
29
30
31
31
31
31
31
32
33
33
34
34
34.5
35
35
35
35
35
35
35
35
35
35
35
35
35
35
33
32
32
31
30
29
29
28
28
28
27
